200 200 32 0.265581 0.006489
400 400 32 0.267233 0.025907
600 600 32 0.305089 0.058105
800 800 32 0.355962 0.099752
1000 1000 32 0.410427 0.146708
1200 1200 32 0.515825 0.240216
1400 1400 32 0.611626 0.326658
1600 1600 32 0.700291 0.408354
1800 1800 32 0.855357 0.554615
2000 2000 32 0.965445 0.661257
200 200 32 0.243597 0.006497
400 400 32 0.265432 0.024282
600 600 32 0.303370 0.054250
800 800 32 0.355182 0.099106
1000 1000 32 0.410861 0.150531
1200 1200 32 0.517605 0.245451
1400 1400 32 0.612491 0.333528
1600 1600 32 0.700808 0.405870
1800 1800 32 0.855864 0.560449
2000 2000 32 0.964658 0.660734
200 200 32 0.244844 0.006329
400 400 32 0.265868 0.024225
600 600 32 0.304009 0.054145
800 800 32 0.353041 0.098370
1000 1000 32 0.408450 0.147141
1200 1200 32 0.516054 0.242109
1400 1400 32 0.612386 0.327863
1600 1600 32 0.700577 0.398765
1800 1800 32 0.850798 0.568190
2000 2000 32 0.964937 0.654512
200 200 32 0.246834 0.006395
400 400 32 0.265882 0.024627
600 600 32 0.301527 0.057056
800 800 32 0.352417 0.098915
1000 1000 32 0.409543 0.145956
1200 1200 32 0.513003 0.244635
1400 1400 32 0.611239 0.327858
1600 1600 32 0.699272 0.403265
1800 1800 32 0.853366 0.563004
2000 2000 32 0.963803 0.658197
200 200 32 0.245404 0.006393
400 400 32 0.266702 0.024430
600 600 32 0.300642 0.053741
800 800 32 0.353513 0.098069
1000 1000 32 0.411550 0.146571
1200 1200 32 0.514125 0.244714
1400 1400 32 0.631505 0.327690
1600 1600 32 0.707436 0.404095
1800 1800 32 0.849958 0.549348
2000 2000 32 0.965973 0.654792
200 200 32 0.243894 0.006403
400 400 32 0.267025 0.024199
600 600 32 0.305235 0.054111
800 800 32 0.353991 0.098434
1000 1000 32 0.408550 0.146591
1200 1200 32 0.516705 0.243508
1400 1400 32 0.610987 0.329185
1600 1600 32 0.698573 0.401017
1800 1800 32 0.853604 0.557240
2000 2000 32 0.964250 0.644903
200 200 32 0.247205 0.006274
400 400 32 0.267210 0.024660
600 600 32 0.303087 0.056102
800 800 32 0.355348 0.098354
1000 1000 32 0.409773 0.148127
1200 1200 32 0.516355 0.244223
1400 1400 32 0.611931 0.331068
1600 1600 32 0.697289 0.401656
1800 1800 32 0.855273 0.557220
2000 2000 32 0.964561 0.642605
200 200 32 0.244303 0.006400
400 400 32 0.265984 0.024255
600 600 32 0.302625 0.054243
800 800 32 0.353921 0.098444
1000 1000 32 0.408434 0.147303
1200 1200 32 0.516305 0.248299
1400 1400 32 0.611033 0.329469
1600 1600 32 0.698113 0.408290
1800 1800 32 0.859862 0.558889
2000 2000 32 0.966544 0.668946
200 200 32 0.245939 0.006308
400 400 32 0.267382 0.024372
600 600 32 0.302805 0.053909
800 800 32 0.352709 0.098360
1000 1000 32 0.409127 0.146281
1200 1200 32 0.515098 0.243960
1400 1400 32 0.612293 0.327990
1600 1600 32 0.698775 0.400692
1800 1800 32 0.852850 0.563659
2000 2000 32 0.968377 0.650280
200 200 32 0.245271 0.006376
400 400 32 0.265414 0.024504
600 600 32 0.302106 0.054189
800 800 32 0.354176 0.097688
1000 1000 32 0.414132 0.147041
1200 1200 32 0.516942 0.242455
1400 1400 32 0.612849 0.326355
1600 1600 32 0.705400 0.405168
1800 1800 32 0.852184 0.560265
2000 2000 32 0.962528 0.664298
