200 200 32 0.001302 0.082362
400 400 32 0.005311 0.270536
600 600 32 0.010197 0.626326
800 800 32 0.017556 1.177651
1000 1000 32 0.027407 1.945896
1200 1200 32 0.039249 2.969198
1400 1400 32 0.054240 4.254473
1600 1600 32 0.069803 5.920110
1800 1800 32 0.088032 7.849969
2000 2000 32 0.108228 10.096022
200 200 32 0.001323 0.062285
400 400 32 0.004592 0.265091
600 600 32 0.010056 0.627779
800 800 32 0.017673 1.183390
1000 1000 32 0.027463 1.950006
1200 1200 32 0.039310 2.967704
1400 1400 32 0.053280 4.253234
1600 1600 32 0.068947 5.926030
1800 1800 32 0.087899 7.855403
2000 2000 32 0.108786 10.107009
200 200 32 0.001338 0.062336
400 400 32 0.004574 0.266217
600 600 32 0.010333 0.628331
800 800 32 0.017984 1.183939
1000 1000 32 0.027247 1.950393
1200 1200 32 0.041093 2.970641
1400 1400 32 0.053335 4.253041
1600 1600 32 0.069529 5.926975
1800 1800 32 0.087995 7.855086
2000 2000 32 0.108229 10.105324
200 200 32 0.001309 0.062380
400 400 32 0.004710 0.263615
600 600 32 0.009994 0.628134
800 800 32 0.017758 1.184042
1000 1000 32 0.027351 1.950465
1200 1200 32 0.039322 2.970399
1400 1400 32 0.053715 4.259611
1600 1600 32 0.069627 5.951909
1800 1800 32 0.087937 7.921040
2000 2000 32 0.108965 10.151831
200 200 32 0.001310 0.062744
400 400 32 0.004683 0.265825
600 600 32 0.010378 0.631787
800 800 32 0.017731 1.191288
1000 1000 32 0.027264 1.962082
1200 1200 32 0.039410 2.986947
1400 1400 32 0.053268 4.279596
1600 1600 32 0.069558 5.961092
1800 1800 32 0.088741 7.901805
2000 2000 32 0.109104 10.166853
200 200 32 0.001421 0.062721
400 400 32 0.004646 0.267216
600 600 32 0.010399 0.632071
800 800 32 0.017739 1.192472
1000 1000 32 0.027352 1.962113
1200 1200 32 0.039447 2.987743
1400 1400 32 0.053013 4.278476
1600 1600 32 0.069357 5.961142
1800 1800 32 0.088648 7.902494
2000 2000 32 0.108671 10.165773
200 200 32 0.001316 0.062808
400 400 32 0.004696 0.267958
600 600 32 0.010403 0.631814
800 800 32 0.017877 1.191010
1000 1000 32 0.027314 1.961633
1200 1200 32 0.039350 2.986469
1400 1400 32 0.053320 4.277933
1600 1600 32 0.069354 5.960276
1800 1800 32 0.087651 7.901332
2000 2000 32 0.108365 10.165603
200 200 32 0.001348 0.062729
400 400 32 0.004607 0.267532
600 600 32 0.010111 0.634679
800 800 32 0.018032 1.191302
1000 1000 32 0.027618 1.962381
1200 1200 32 0.039368 2.988156
1400 1400 32 0.053368 4.281430
1600 1600 32 0.069577 5.962151
1800 1800 32 0.090514 8.297220
2000 2000 32 0.116419 10.197897
200 200 32 0.001354 0.062700
400 400 32 0.005018 0.264882
600 600 32 0.010413 0.634259
800 800 32 0.017733 1.192454
1000 1000 32 0.027610 1.963007
1200 1200 32 0.039373 2.988756
1400 1400 32 0.053920 4.280601
1600 1600 32 0.070684 5.962510
1800 1800 32 0.087483 7.902914
2000 2000 32 0.108378 10.166611
200 200 32 0.001579 0.062685
400 400 32 0.004599 0.264972
600 600 32 0.010106 0.631666
800 800 32 0.017540 1.193512
1000 1000 32 0.027751 1.962765
1200 1200 32 0.039441 3.021256
1400 1400 32 0.053363 4.277788
1600 1600 32 0.069747 5.958351
1800 1800 32 0.088108 7.902035
2000 2000 32 0.108249 10.166905
